0.01
4.08
7.71
7.80
7.33
6.56
6.34
6.13
5.94
5.25
5.13
4.81
4.63
4.41
3.54
4.08
7.94
6.25
5.49
4.78
4.94
4.63
3.88
3.71
5.83
8.24
4.34
6.69
5.52
3.82
4.79
6.76
5.86
4.49
3.98
4.53
5.19
4.66
3.47
4.87
8.62
4.50
7.37
4.87
4.31
4.94
4.63
3.56
4.55
6.87
6.76
6.76
5.54
4.98
4.64
4.68
4.69
4.38
3.50
4.25
8.68
6.53
5.47
5.94
5.83
5.89
4.88
4.40
4.30
3.77
3.90
7.29
6.83
4.61
4.99
5.78
4.94
4.12
3.88
3.70
5.76
7.49
5.49
5.03
4.73
4.69
4.40
3.52
4.15
7.99
5.09
4.76
5.61
4.88
3.08
5.59
7.62
7.62
7.67
7.25
7.17
6.10
5.83
5.81
5.43
5.38
4.88
4.41
4.30
3.74
3.87
6.10
7.05
7.21
5.73
5.30
4.90
4.98
4.88
4.31
3.67
4.37
6.66
7.01
5.54
4.83
4.47
4.55
4.53
4.28
3.30
4.73
8.97
6.59
5.76
7.05
6.53
5.01
4.90
4.73
4.76
4.69
4.37
3.37
4.73
8.91
6.10
5.76
6.94
6.73
5.13
4.74
4.76
4.64
4.53
3.98
3.47
6.28
8.40
5.94
5.66
5.59
5.71
5.94
4.85
4.25
4.10
3.81
3.86
5.21
7.17
5.36
4.59
4.40
4.24
4.30
3.90
3.12
6.69
7.94
8.04
8.45
7.80
7.80
6.50
6.59
6.43
6.08
6.05
5.27
5.13
4.96
4.59
4.37
3.70
4.21
7.37
7.13
5.25
4.98
4.98
4.74
4.87
4.55
3.18
3.07
2.78
2.03
1.22
