0.01
4.45
7.90
7.62
7.67
5.86
5.89
5.61
5.52
5.66
5.36
4.69
4.21
3.89
3.79
4.73
6.22
5.56
3.92
4.31
4.58
4.78
3.45
4.79
7.67
5.49
5.11
5.86
6.02
4.71
4.16
3.98
4.08
3.92
3.98
4.31
4.68
4.64
3.43
4.50
7.49
7.49
6.87
5.27
5.30
5.15
5.07
5.05
4.69
3.57
4.27
7.76
4.12
6.31
4.16
3.60
4.85
6.83
6.76
5.99
5.09
4.71
4.66
4.40
3.75
3.63
6.46
7.53
7.76
7.05
6.10
5.97
5.99
5.32
5.09
4.73
4.37
4.11
3.60
3.97
8.14
6.43
5.13
5.19
5.94
5.11
4.12
3.90
3.86
4.66
6.59
5.83
4.63
4.04
4.20
4.21
3.88
3.28
5.47
8.19
8.24
7.67
6.50
6.50
6.28
6.34
5.94
5.68
4.96
4.71
4.50
3.96
3.76
4.59
6.02
5.94
4.38
4.17
3.86
3.92
4.56
5.71
4.56
3.82
3.86
4.78
6.80
5.97
4.69
4.63
4.34
3.74
3.95
7.25
5.61
4.55
5.97
4.71
3.63
4.64
7.71
4.38
5.49
5.91
3.97
3.66
5.81
6.37
5.68
4.78
4.58
4.45
4.08
3.25
4.50
9.29
8.45
6.13
6.69
6.90
7.17
5.76
5.59
5.23
5.15
4.99
4.17
3.89
3.77
5.27
6.56
5.45
4.42
4.27
4.20
3.71
3.71
7.01
7.21
6.83
6.16
5.25
5.15
4.96
4.78
4.38
3.64
4.47
6.87
5.47
4.52
4.78
4.69
4.53
3.34
4.79
9.09
6.13
5.71
7.01
6.83
4.92
4.85
4.78
4.56
4.50
3.72
3.19
2.90
2.25
1.45
