0.03
3.22
4.06
4.42
5.11
5.64
5.71
6.16
6.34
6.76
7.37
7.33
7.53
8.19
7.99
8.56
8.40
8.56
8.97
8.97
9.56
9.29
9.56
9.99
9.77
10.47
9.56
10.38
10.22
10.47
10.72
10.72
10.72
11.37
10.99
11.37
11.27
11.17
11.47
11.57
11.77
11.47
11.99
11.88
12.32
12.21
12.10
12.68
11.99
12.80
12.80
12.32
12.68
12.44
13.06
13.06
12.56
13.06
12.68
13.32
12.80
12.68
13.19
13.06
13.06
13.32
12.68
13.06
12.93
13.32
13.19
12.80
12.93
12.80
13.32
13.19
13.06
13.19
12.56
13.74
13.32
12.56
13.46
12.93
13.32
13.32
13.06
13.06
13.06
13.32
13.59
13.19
12.68
13.32
13.19
13.46
13.06
13.19
12.80
13.59
13.32
13.19
12.93
13.19
13.32
13.59
13.32
12.80
13.06
13.32
13.88
12.80
13.46
13.32
13.06
14.03
13.06
12.93
13.74
13.19
13.74
13.59
13.19
13.59
13.46
13.74
13.88
13.06
13.59
14.18
13.46
14.03
13.74
13.74
14.03
14.18
13.46
14.49
14.03
14.18
14.18
14.18
14.33
14.03
14.65
14.65
14.18
14.49
14.49
14.49
14.98
14.98
14.03
14.98
14.82
14.49
15.33
14.33
14.98
14.98
14.82
14.98
14.82
14.65
15.16
14.98
14.98
14.49
14.98
14.65
15.16
15.51
14.18
14.82
15.16
14.65
15.33
14.65
14.49
15.33
14.82
14.98
14.98
14.98
14.82
14.65
14.98
14.82
14.65
14.82
14.98
14.98
14.82
14.49
15.16
14.82
14.65
15.33
14.49
14.82
15.16
14.98
14.33
14.82
14.82
15.16
14.65
14.98
14.49
14.82
14.82
14.65
14.82
14.49
14.65
14.82
14.65
14.65
14.33
14.82
14.65
14.49
14.65
14.18
14.65
14.33
14.33
14.82
14.49
14.65
14.98
14.98
14.49
14.98
15.70
15.16
15.33
14.82
15.16
15.51
15.16
15.51
14.98
14.82
15.33
15.51
15.16
14.98
15.33
14.98
15.51
15.16
15.16
14.82
14.98
15.16
14.65
15.16
14.65
14.65
15.16
14.49
14.82
14.65
14.49
14.98
14.65
14.65
14.49
14.33
15.16
14.49
14.33
14.33
14.82
14.65
14.49
14.65
14.33
14.33
14.82
14.18
14.03
14.18
14.33
14.82
14.49
13.46
14.49
14.33
14.33
14.33
14.33
14.03
14.33
14.18
14.18
14.33
13.88
14.03
14.33
13.74
14.49
13.74
13.88
14.18
13.74
13.59
13.88
13.88
13.59
13.59
13.74
13.59
13.74
13.74
13.46
13.59
13.46
13.88
13.74
13.74
13.19
13.59
13.74
13.74
13.59
13.59
13.32
14.03
13.59
13.46
13.74
13.19
13.46
13.74
13.46
13.06
13.32
13.59
13.19
13.32
13.46
12.93
13.74
13.06
13.19
13.19
13.06
13.19
13.46
12.68
12.93
13.06
13.32
13.32
12.68
13.32
12.93
13.32
13.32
13.06
12.93
12.93
13.32
13.46
12.93
12.93
12.93
13.19
13.06
12.80
13.06
12.80
13.06
12.80
12.93
12.93
12.80
12.80
13.06
12.56
12.68
12.56
12.80
13.19
12.44
12.80
12.44
13.06
12.93
12.32
12.80
12.68
13.19
12.68
12.68
12.80
12.56
13.06
12.80
12.80
12.56
12.56
12.68
12.80
12.56
12.56
12.44
12.80
12.44
12.56
12.56
12.21
12.56
12.44
12.44
12.56
12.10
12.80
12.56
12.44
12.44
12.21
12.68
12.68
12.44
12.68
12.32
12.68
12.56
12.56
12.32
12.44
12.56
12.56
12.56
12.21
12.21
12.80
12.21
12.56
12.10
12.32
12.32
12.44
12.21
12.10
11.99
12.32
12.21
12.21
11.88
11.88
12.32
11.99
11.99
12.10
11.77
12.32
12.32
11.57
12.21
11.77
12.32
12.10
11.99
11.88
11.99
12.10
12.10
12.10
11.67
11.88
12.10
11.88
11.99
11.77
11.67
12.10
12.10
11.77
11.57
11.67
12.10
12.10
11.47
11.57
11.67
12.10
11.67
11.67
11.37
11.67
11.88
11.77
11.47
11.47
11.57
12.10
11.67
11.47
11.37
11.67
11.67
11.99
11.37
11.47
11.37
11.67
11.77
11.17
11.27
11.37
11.57
11.77
11.08
10.99
11.37
10.99
11.17
10.07
9.42
9.56
9.49
9.22
9.16
8.97
9.22
8.51
8.14
7.80
7.58
7.53
7.25
6.87
6.34
6.28
6.10
5.71
5.47
4.79
4.59
4.27
3.76
3.43
2.65
1.85
0.80
