0.02
5.05
7.76
7.29
6.50
5.73
5.78
5.52
4.94
4.63
4.11
4.13
4.08
3.83
3.87
4.56
5.54
4.58
3.71
3.69
4.85
5.45
5.38
4.30
3.84
3.63
4.63
6.40
4.10
4.17
4.74
4.44
3.17
4.17
6.05
6.56
6.08
5.64
4.63
4.52
4.16
3.79
3.67
4.71
6.13
4.00
4.24
5.32
4.42
3.37
4.56
6.56
4.06
4.58
5.52
3.82
3.45
5.81
6.40
4.76
3.90
4.98
5.47
4.07
3.36
5.09
6.59
3.56
5.40
6.13
3.65
4.19
5.56
5.34
3.56
4.59
5.99
3.19
4.58
6.90
4.00
4.99
5.56
4.19
3.55
3.91
5.52
5.78
4.59
4.45
3.95
3.84
4.04
5.97
5.40
3.96
4.08
4.71
5.07
4.55
3.23
4.38
6.53
4.64
4.04
4.52
5.01
4.71
4.28
3.41
3.62
6.31
6.34
5.49
5.56
4.99
4.76
4.49
3.98
3.92
3.65
4.76
5.54
5.27
5.38
5.01
4.03
3.77
4.08
5.38
5.27
5.17
4.24
3.68
3.65
5.43
5.81
4.42
3.96
4.01
4.49
4.79
4.07
3.19
5.81
6.59
3.91
5.15
5.45
5.09
3.87
3.83
4.96
5.38
5.34
5.13
4.30
3.86
3.71
4.74
5.30
5.54
5.25
4.17
3.97
3.78
4.07
5.61
5.76
4.56
3.90
4.00
4.71
5.05
3.65
3.67
5.56
5.54
4.47
4.15
3.89
3.74
2.88
2.50
1.91
