0.10
4.11
7.33
7.80
7.53
5.73
6.02
5.76
5.40
5.09
4.49
4.47
3.96
4.96
10.72
6.37
7.25
8.85
5.47
5.73
6.53
6.59
4.64
4.49
4.47
4.13
4.17
3.19
4.74
9.62
6.50
6.40
7.62
7.09
5.45
5.27
5.78
5.97
4.73
4.20
3.92
5.76
9.35
7.17
6.22
7.21
7.62
5.17
5.13
5.64
5.86
4.56
4.27
4.08
3.87
4.61
9.56
8.35
6.69
6.37
6.16
6.16
5.99
5.91
5.09
4.38
4.42
4.10
3.52
4.85
9.16
8.40
7.05
6.31
6.53
6.25
6.08
5.25
4.99
5.05
4.53
4.08
3.66
4.85
9.29
8.14
6.76
6.53
6.37
6.34
5.99
6.19
5.43
4.87
4.79
4.23
3.96
4.94
9.42
9.29
6.76
6.69
6.59
6.83
6.22
5.52
5.38
5.13
5.13
4.96
3.94
5.17
10.63
6.90
7.01
9.03
5.76
5.71
6.40
6.94
5.56
4.96
4.78
4.66
4.53
3.66
4.87
9.56
8.35
6.87
6.22
6.16
6.34
6.10
5.71
4.58
4.56
4.34
4.34
3.92
4.56
9.70
8.73
6.66
6.69
6.66
7.01
7.01
6.69
5.27
4.87
4.96
4.76
4.76
4.58
3.56
4.96
9.62
8.68
6.94
6.50
6.31
6.50
6.28
6.02
5.13
5.03
4.73
4.17
4.08
3.61
4.63
9.77
8.62
6.34
6.43
6.94
7.49
6.13
5.78
5.17
5.30
5.23
4.76
4.24
3.84
4.96
9.91
7.45
6.08
6.34
6.83
6.56
4.64
4.66
4.85
5.07
3.61
5.17
9.91
6.66
6.53
7.99
6.59
5.30
5.99
6.34
5.52
4.64
4.32
4.25
4.16
3.51
4.66
9.70
7.33
6.66
6.31
6.63
6.69
6.43
5.66
4.88
4.64
4.56
4.63
4.32
3.41
3.12
2.75
1.92
0.77
