0.07
4.47
8.40
6.19
5.99
5.32
5.73
5.43
5.47
4.66
3.67
4.41
6.13
4.45
4.03
3.74
4.69
6.50
4.34
4.40
4.56
3.38
4.17
6.94
4.32
5.99
3.78
4.45
5.99
3.68
4.37
6.19
6.25
4.87
4.49
4.10
3.70
4.03
6.98
7.21
5.32
4.92
4.49
4.56
4.53
4.31
3.24
4.44
7.53
7.45
6.59
5.86
5.73
5.47
5.30
4.61
4.38
4.12
3.52
4.35
6.66
6.76
5.32
5.27
4.88
4.32
4.01
3.83
4.13
6.22
5.09
3.59
5.52
6.73
3.72
5.91
6.56
3.86
6.02
6.46
3.61
5.78
6.53
4.83
4.35
4.28
4.15
4.10
3.42
3.70
6.59
7.09
6.98
6.43
5.76
5.15
5.23
5.03
4.69
4.15
3.60
3.66
5.97
7.53
7.29
5.21
5.56
5.11
5.27
5.11
4.79
3.84
3.76
5.03
6.90
3.95
4.87
5.13
4.94
4.41
3.58
3.78
5.91
7.37
7.21
5.03
5.13
4.88
4.79
4.71
3.67
4.08
5.73
6.25
5.59
4.31
4.28
3.96
3.55
4.98
6.66
4.88
4.01
4.94
5.15
3.42
4.47
7.09
5.21
4.68
4.21
3.58
3.81
6.69
6.90
6.28
5.36
4.88
4.98
4.76
4.58
4.10
3.48
4.25
6.80
6.66
6.98
6.05
5.11
5.01
4.74
4.56
3.90
3.81
4.98
5.78
4.79
4.50
3.95
3.92
3.81
5.61
5.78
5.30
4.53
4.06
3.94
4.03
3.90
4.55
5.03
5.43
4.85
3.59
4.71
6.90
4.99
4.40
5.27
4.74
3.37
3.23
3.00
2.18
1.64
