0.03
1.66
2.61
3.55
3.90
4.15
4.21
4.15
4.00
3.96
4.11
3.82
3.86
4.32
3.66
4.08
4.08
3.90
4.15
3.80
3.95
4.07
4.03
4.02
3.96
4.01
3.95
4.00
4.04
3.90
3.83
3.76
4.27
3.76
4.01
4.28
3.95
3.67
4.37
3.68
3.96
3.96
3.91
3.95
3.78
4.08
3.71
4.20
3.83
3.92
4.45
3.68
4.04
3.91
4.01
4.31
3.81
4.04
4.25
3.83
3.82
4.16
4.10
4.04
3.88
4.25
3.90
4.24
4.11
4.16
4.04
4.07
3.98
4.06
4.23
4.10
4.06
3.91
4.19
3.90
4.07
4.35
3.94
4.07
4.21
4.03
4.16
4.10
4.04
4.04
3.98
4.01
4.21
4.02
4.15
4.11
3.98
4.06
4.08
4.11
4.17
3.96
3.98
4.21
4.17
4.02
4.12
4.10
4.06
4.16
3.95
4.16
4.23
4.01
4.40
4.27
4.15
3.98
4.21
4.12
4.23
4.12
4.03
4.11
4.15
4.19
3.91
4.21
4.32
3.84
4.63
4.19
4.03
4.30
4.20
4.19
4.23
4.08
4.17
4.16
4.06
4.15
4.07
4.06
4.19
4.08
4.13
4.03
4.13
4.20
4.20
4.00
4.30
4.24
4.24
4.11
4.31
4.16
3.97
4.37
4.23
4.23
4.25
4.03
4.47
4.30
4.27
4.21
4.30
4.16
4.38
4.30
4.15
4.23
4.11
4.34
4.10
4.17
4.06
4.27
4.11
4.11
4.10
4.02
4.16
4.17
4.12
3.98
4.10
4.10
4.11
3.96
4.07
4.07
4.10
3.95
4.12
4.24
4.21
3.94
4.42
4.25
4.24
4.04
4.34
4.20
4.25
4.10
4.30
4.25
4.19
4.25
4.13
4.12
4.15
4.11
4.16
4.00
4.24
4.24
4.24
4.11
4.31
4.11
4.24
4.19
4.11
4.03
4.21
4.15
4.13
4.03
4.23
4.19
4.21
4.12
4.24
4.21
4.20
4.17
4.23
4.10
4.04
4.25
4.07
4.19
4.06
4.11
4.03
4.27
4.13
4.11
4.07
4.21
4.11
4.12
4.17
4.03
4.25
4.24
4.06
4.21
4.17
4.02
4.32
4.19
4.17
3.92
4.38
4.25
4.16
4.06
4.25
4.12
4.10
3.89
4.12
4.07
3.82
4.13
4.00
4.06
3.94
4.06
4.16
3.90
4.01
4.13
3.97
4.01
3.95
4.02
3.94
4.12
4.02
3.95
3.94
4.27
3.78
3.96
4.11
3.88
4.08
4.16
3.84
4.27
3.72
3.88
4.19
4.12
3.75
4.68
3.60
4.12
5.27
3.87
3.97
3.88
4.04
4.01
3.97
3.92
4.20
3.84
3.94
4.38
3.70
4.07
4.31
4.00
4.15
3.82
3.92
4.23
3.86
3.86
4.17
3.45
4.52
3.64
4.25
3.62
3.83
3.61
4.16
