0.00
2.43
5.81
2.74
3.86
3.51
3.52
4.24
3.41
4.17
5.13
3.79
4.20
3.71
3.98
4.47
3.91
4.10
4.04
4.01
4.04
3.90
4.02
3.90
4.10
3.97
4.07
3.97
3.92
4.20
3.87
4.08
4.24
3.84
4.06
4.13
3.88
3.97
4.13
3.90
3.80
4.28
3.82
3.86
4.78
3.92
4.49
3.86
4.08
4.55
3.84
4.03
4.28
4.00
3.96
4.15
3.86
3.89
4.25
3.87
3.95
4.47
3.77
4.01
4.68
4.00
3.92
4.06
4.19
3.89
3.69
4.66
4.10
3.82
4.32
4.11
3.96
3.80
4.74
3.82
3.94
4.21
3.82
3.82
4.85
3.76
4.17
4.58
4.28
4.06
4.04
4.07
3.97
4.03
4.03
4.02
3.94
4.12
3.96
3.97
3.95
4.10
3.92
4.04
3.97
3.91
4.11
3.84
4.01
4.32
3.84
4.01
4.42
3.96
4.12
4.07
3.95
3.91
4.27
3.84
3.83
4.59
3.79
3.92
4.79
3.83
4.02
4.45
4.11
4.10
3.96
3.86
4.28
3.76
4.08
4.20
4.10
3.87
4.00
4.07
3.96
3.90
4.21
3.83
4.07
4.32
3.90
3.97
4.19
3.96
4.04
3.97
3.92
4.16
3.98
3.97
4.01
4.17
3.90
4.03
4.25
3.88
4.08
4.19
4.11
4.12
3.86
3.94
4.21
4.01
3.97
3.96
4.10
3.84
3.78
4.83
3.75
4.04
4.85
4.17
3.97
4.04
4.13
3.98
3.92
4.03
4.08
4.03
3.90
4.12
3.90
3.98
3.94
4.20
3.89
4.02
4.19
3.95
4.13
3.98
3.91
4.07
3.82
4.03
4.20
3.84
3.97
4.23
4.21
4.02
4.00
4.02
3.90
4.07
4.02
4.10
3.84
4.06
4.37
4.12
3.84
4.08
4.02
3.92
4.02
4.03
4.04
3.94
3.96
4.25
3.92
3.96
4.30
3.96
4.11
4.03
3.94
3.89
4.24
4.04
3.84
4.08
3.79
3.92
4.53
3.74
3.94
4.61
3.91
4.10
4.02
4.17
3.91
4.03
4.11
4.15
3.86
4.08
4.20
3.90
3.96
4.17
3.98
3.96
4.01
3.92
4.03
4.12
3.92
3.92
4.06
3.90
3.97
3.96
4.04
4.02
4.00
3.97
4.01
4.03
3.98
3.98
4.02
4.01
3.98
4.00
3.96
4.03
3.96
3.96
4.08
3.94
3.95
3.98
4.11
4.10
3.83
3.94
4.02
4.07
3.97
4.13
3.86
3.98
4.12
3.83
3.91
4.20
3.84
4.00
4.45
3.83
4.07
4.34
4.02
4.01
3.94
4.11
3.90
4.00
4.17
3.91
4.03
4.02
3.97
4.10
3.82
3.91
4.27
3.94
3.98
4.16
3.91
4.07
4.01
4.03
3.96
4.19
3.88
4.02
3.94
4.12
4.07
4.08
3.88
3.86
4.27
3.86
4.08
4.44
3.89
4.04
4.02
4.08
4.07
4.00
3.92
3.88
4.12
4.07
3.86
4.01
3.83
4.04
4.30
3.87
3.97
4.35
3.92
4.11
4.04
3.97
4.08
3.97
3.96
3.96
4.03
3.76
3.95
3.92
4.06
3.79
3.81
3.78
4.17
