-26.00
-23.00
-23.00
-23.00
-23.00
-22.00
-17.00
-19.00
-20.00
-22.00
-22.00
-24.00
-25.00
-24.00
-24.00
-26.00
-25.00
-2.00
-24.00
-25.00
-25.00
-9.00
-24.00
-26.00
-25.00
-24.00
-24.00
-25.00
-25.00
-23.00
-23.00
-25.00
-25.00
-24.00
-24.00
-25.00
-26.00
-24.00
-2.00
-25.00
-25.00
-23.00
-24.00
-25.00
-25.00
-25.00
-24.00
-25.00
-25.00
-24.00
-24.00
-25.00
-26.00
-24.00
-28.00
-26.00
-25.00
-23.00
-24.00
-19.00
-19.00
-9.00
-8.00
20.00
19.00
19.00
15.00
15.00
20.00
19.00
19.00
22.00
22.00
24.00
24.00
28.00
49.00
26.00
31.00
28.00
27.00
27.00
26.00
27.00
27.00
31.00
31.00
27.00
27.00
26.00
24.00
22.00
27.00
26.00
26.00
22.00
22.00
18.00
17.00
19.00
19.00
19.00
5.00
7.00
2.00
3.00
4.00
-5.00
-4.00
-8.00
-8.00
-7.00
-8.00
-9.00
-8.00
-7.00
-7.00
-4.00
-4.00
1.00
1.00
5.00
4.00
11.00
11.00
11.00
18.00
15.00
22.00
23.00
23.00
27.00
27.00
31.00
32.00
30.00
30.00
31.00
31.00
29.00
31.00
31.00
31.00
27.00
27.00
19.00
18.00
16.00
16.00
18.00
11.00
8.00
1.00
-0.00
-0.00
-5.00
-5.00
-5.00
-14.00
-20.00
-20.00
-21.00
-21.00
-21.00
-31.00
-29.00
-29.00
-29.00
-28.00
-28.00
-28.00
-25.00
-25.00
-24.00
-22.00
-21.00
-12.00
-14.00
-14.00
-5.00
-6.00
4.00
4.00
14.00
14.00
12.00
24.00
23.00
34.00
32.00
32.00
36.00
35.00
43.00
43.00
43.00
41.00
39.00
37.00
36.00
34.00
35.00
35.00
22.00
22.00
16.00
16.00
8.00
8.00
11.00
-8.00
-8.00
-8.00
-17.00
-17.00
-17.00
-17.00
-34.00
-34.00
-33.00
-32.00
-34.00
-28.00
-29.00
-29.00
-29.00
-29.00
-24.00
-24.00
-24.00
-16.00
-9.00
-9.00
-9.00
-2.00
-0.00
9.00
11.00
11.00
15.00
15.00
20.00
20.00
23.00
22.00
23.00
30.00
28.00
29.00
31.00
30.00
29.00
29.00
31.00
31.00
28.00
28.00
27.00
24.00
23.00
21.00
19.00
19.00
10.00
9.00
5.00
5.00
-5.00
-5.00
-3.00
-16.00
-18.00
-26.00
-28.00
-27.00
-38.00
-38.00
-43.00
-43.00
-44.00
-45.00
-43.00
-41.00
-40.00
-36.00
-36.00
-36.00
-26.00
-26.00
-17.00
-16.00
-6.00
-6.00
-8.00
6.00
6.00
6.00
18.00
30.00
30.00
30.00
38.00
38.00
42.00
42.00
43.00
46.00
48.00
48.00
48.00
39.00
41.00
41.00
34.00
34.00
27.00
27.00
26.00
13.00
14.00
1.00
3.00
-9.00
-10.00
-9.00
-20.00
-21.00
-23.00
-24.00
-22.00
-23.00
-24.00
-19.00
-16.00
-10.00
-10.00
-12.00
-7.00
-0.00
-0.00
-2.00
10.00
10.00
10.00
10.00
10.00
19.00
19.00
27.00
27.00
29.00
29.00
29.00
29.00
27.00
35.00
34.00
29.00
28.00
28.00
25.00
26.00
23.00
23.00
24.00
18.00
40.00
14.00
15.00
11.00
10.00
10.00
3.00
3.00
-0.00
-0.00
-2.00
-8.00
-6.00
-6.00
-6.00
-10.00
-11.00
-6.00
-13.00
-13.00
-9.00
-9.00
-9.00
-10.00
-12.00
-12.00
-12.00
-9.00
-9.00
-9.00
-9.00
-9.00
-10.00
-10.00
-9.00
-8.00
-7.00
-7.00
-2.00
-2.00
-5.00
-4.00
4.00
5.00
11.00
11.00
11.00
14.00
14.00
21.00
19.00
23.00
23.00
23.00
22.00
23.00
21.00
21.00
20.00
18.00
19.00
14.00
13.00
11.00
11.00
10.00
5.00
5.00
-0.00
-0.00
-2.00
-6.00
-5.00
-13.00
-14.00
-16.00
-17.00
-17.00
-22.00
-22.00
-24.00
-24.00
-24.00
-21.00
-20.00
-20.00
-20.00
-13.00
-12.00
-13.00
-9.00
-9.00
-0.00
1.00
-2.00
11.00
10.00
15.00
15.00
24.00
22.00
22.00
32.00
32.00
35.00
35.00
36.00
42.00
42.00
47.00
46.00
45.00
47.00
47.00
42.00
42.00
36.00
36.00
37.00
30.00
30.00
30.00
30.00
30.00
9.00
9.00
-4.00
-4.00
-18.00
-18.00
-17.00
-24.00
-26.00
-38.00
-37.00
-37.00
-42.00
-42.00
-48.00
-43.00
-49.00
-49.00
-50.00
-46.00
-46.00
-46.00
-45.00
-45.00
-41.00
-40.00
-33.00
-32.00
-24.00
-24.00
-23.00
-10.00
-9.00
2.00
2.00
17.00
20.00
17.00
29.00
29.00
39.00
40.00
38.00
38.00
29.00
36.00
23.00
23.00
4.00
3.00


