-4.00
-4.00
10.00
10.00
22.00
22.00
22.00
44.00
42.00
49.00
51.00
51.00
61.00
61.00
70.00
70.00
66.00
67.00
65.00
73.00
74.00
74.00
74.00
73.00
68.00
68.00
65.00
65.00
55.00
55.00
56.00
46.00
47.00
37.00
38.00
39.00
39.00
27.00
12.00
13.00
7.00
7.00
7.00
-14.00
-13.00
-13.00
-13.00
-20.00
-25.00
-26.00
-35.00
-34.00
-29.00
-29.00
-29.00
-28.00
-25.00
-25.00
-24.00
-24.00
-12.00
-12.00
-9.00
-9.00
-5.00
-4.00
-3.00
6.00
8.00
10.00
11.00
11.00
13.00
13.00
17.00
18.00
15.00
15.00
17.00
11.00
9.00
9.00
11.00
11.00
7.00
6.00
-1.00
-1.00
2.00
3.00
3.00
-2.00
-1.00
-6.00
-8.00
-8.00
-5.00
-6.00
-10.00
-9.00
-12.00
-12.00
-11.00
-8.00
-7.00
-10.00
-10.00
-9.00
-6.00
-5.00
-4.00
-4.00
1.00
-0.00
-1.00
3.00
2.00
8.00
10.00
10.00
14.00
14.00
16.00
17.00
22.00
23.00
24.00
28.00
28.00
32.00
31.00
31.00
39.00
39.00
37.00
37.00
34.00
34.00
35.00
32.00
34.00
21.00
22.00
21.00
15.00
15.00
7.00
7.00
7.00
-1.00
-2.00
-11.00
-12.00
-19.00
-19.00
-20.00
-21.00
-20.00
-28.00
-29.00
-32.00
-32.00
-32.00
-30.00
-32.00
-33.00
-34.00
-33.00
-28.00
-29.00
-24.00
-25.00
-20.00
-19.00
-21.00
-10.00
-12.00
-6.00
-4.00
-6.00
3.00
3.00
11.00
12.00
14.00
14.00
16.00
19.00
19.00
22.00
23.00
23.00
23.00
22.00
23.00
24.00
22.00
21.00
22.00
17.00
16.00
8.00
10.00
10.00
4.00
3.00
-1.00
-0.00
-6.00
-5.00
-4.00
-7.00
-6.00
-6.00
-5.00
-9.00
-9.00
-10.00
-13.00
-13.00
-13.00
-13.00
-13.00
-13.00
-13.00
-13.00
-13.00
-13.00
-13.00
-12.00
-9.00
-10.00
-11.00
-12.00
-9.00
-8.00
-7.00
-12.00
-9.00
-10.00
-12.00
-11.00
-13.00
-13.00
-13.00
-13.00
-14.00
-17.00
-17.00
-13.00
-13.00
-9.00
-10.00
-9.00
-1.00
-2.00
7.00
8.00
7.00
11.00
13.00
23.00
23.00
23.00
23.00
23.00
23.00
23.00
35.00
36.00
35.00
32.00
33.00
35.00
37.00
38.00
39.00
39.00
31.00
31.00
27.00
28.00
26.00
26.00
26.00
15.00
17.00
10.00
9.00
8.00
4.00
4.00
-7.00
-6.00
-8.00
-16.00
-13.00
-24.00
-23.00
-29.00
-27.00
-27.00
-29.00
-29.00
-32.00
-33.00
-33.00
-32.00
-33.00
-28.00
-29.00
-24.00
-25.00
-26.00
-10.00
-10.00
-5.00
-5.00
-3.00
11.00
8.00
19.00
18.00
23.00
22.00
22.00
27.00
27.00
34.00
34.00
36.00
34.00
34.00
40.00
39.00
33.00
34.00
34.00
27.00
27.00
23.00
23.00
24.00
13.00
15.00
6.00
5.00
-4.00
-6.00
-6.00
-15.00
-15.00
-25.00
-26.00
-26.00
-33.00
-33.00
-35.00
-36.00
-37.00
-38.00
-38.00
-38.00
-38.00
-38.00
-38.00
-30.00
-28.00
-26.00
-20.00
-20.00
-15.00
-13.00
-13.00
-9.00
-8.00
1.00
2.00
3.00
10.00
9.00
20.00
19.00
24.00
23.00
23.00
31.00
31.00
35.00
35.00
36.00
34.00
34.00
35.00
37.00
27.00
28.00
27.00
24.00
24.00
17.00
17.00
18.00
7.00
8.00
-0.00
-0.00
-9.00
-11.00
-11.00
-24.00
-24.00
-24.00
-25.00
-25.00
-34.00
-33.00
-32.00
-32.00
-29.00
-30.00
-30.00
-29.00
-28.00
-13.00
-13.00
-15.00
-8.00
-6.00
2.00
3.00
14.00
14.00
14.00
19.00
24.00
30.00


