-56.00
-52.00
-52.00
-41.00
-40.00
-32.00
-32.00
-30.00
-17.00
-18.00
-18.00
-18.00
-9.00
1.00
2.00
12.00
11.00
16.00
16.00
18.00
19.00
21.00
30.00
31.00
31.00
27.00
28.00
37.00
38.00
41.00
41.00
39.00
31.00
31.00
35.00
37.00
37.00
31.00
31.00
25.00
25.00
22.00
21.00
24.00
17.00
15.00
11.00
11.00
11.00
11.00
2.00
-2.00
-2.00
-6.00
-6.00
-8.00
-15.00
-14.00
-13.00
-15.00
-15.00
-13.00
-13.00
-18.00
-17.00
-12.00
-12.00
-10.00
-13.00
-12.00
-13.00
-13.00
-13.00
-11.00
-11.00
-8.00
-8.00
-5.00
-4.00
-3.00
4.00
3.00
7.00
6.00
5.00
14.00
14.00
14.00
18.00
19.00
20.00
19.00
24.00
23.00
22.00
24.00
24.00
24.00
24.00
24.00
26.00
22.00
22.00
23.00
24.00
22.00
21.00
20.00
20.00
19.00
20.00
18.00
17.00
17.00
17.00
18.00
18.00
16.00
14.00
12.00
12.00
10.00
11.00
5.00
17.00
-0.00
-0.00
-2.00
-8.00
-6.00
-17.00
-16.00
-16.00
-16.00
-19.00
-20.00
-21.00
-20.00
-20.00
-20.00
-20.00
-20.00
-20.00
-20.00
-20.00
-18.00
-18.00
-15.00
-15.00
-12.00
-11.00
-10.00
-3.00
-4.00
2.00
4.00
3.00
8.00
8.00
18.00
18.00
21.00
21.00
19.00
26.00
27.00
34.00
32.00
31.00
29.00
29.00
31.00
31.00
30.00
30.00
31.00
25.00
27.00
21.00
24.00
24.00
24.00
14.00
14.00
14.00
3.00
4.00
4.00
-9.00
-7.00
-7.00
-7.00
-7.00
-7.00
-19.00
-24.00
-24.00
-24.00
-24.00
-24.00
-28.00
-26.00
-29.00
-29.00
-28.00
-29.00
-27.00
-29.00
-28.00
-19.00
-19.00
-20.00
-14.00
-13.00
-6.00
-6.00
-7.00
3.00
3.00
9.00
9.00
19.00
20.00
19.00
26.00
26.00
26.00
31.00
39.00
39.00
39.00
38.00
38.00
42.00
42.00
43.00
43.00
41.00
34.00
32.00
31.00
30.00
30.00
30.00
23.00
10.00
10.00
10.00
4.00
6.00
-6.00
-4.00
-10.00
-8.00
-7.00
-13.00
-14.00
-15.00
-14.00
-16.00
-10.00
-12.00
-9.00
-9.00
-5.00
-5.00
-5.00
-1.00
-1.00
2.00
3.00
3.00
10.00
11.00
15.00
17.00
24.00
24.00
23.00
24.00
51.00
30.00
30.00
30.00
30.00
30.00
29.00
31.00
32.00
32.00
32.00
31.00
31.00
27.00
27.00
27.00
25.00
27.00
19.00
19.00
15.00
15.00
15.00
10.00
10.00
1.00
1.00
1.00
1.00
-5.00
-10.00
-10.00
-10.00
-12.00
-11.00
-12.00
-11.00
-18.00
-17.00
-17.00
-9.00
-9.00
-12.00
-11.00
-13.00
-13.00
-13.00
-9.00
-9.00
-11.00
-11.00
-10.00
-5.00
-5.00
-4.00
-3.00
-1.00
-0.00
-0.00
7.00
7.00
8.00
9.00
18.00
15.00
14.00
20.00
18.00
18.00
18.00
18.00
18.00
23.00
22.00
22.00
23.00
23.00
23.00
14.00
12.00
10.00
9.00
9.00
-2.00
18.00
-6.00
-6.00
-8.00
-14.00
-12.00
-19.00
-17.00
-17.00
-18.00
-17.00
-16.00
-17.00
-14.00
-13.00
-14.00
-8.00
-6.00
-1.00
-1.00
4.00
4.00
4.00
14.00
14.00
26.00
26.00
25.00
30.00
30.00
35.00
36.00
43.00
41.00
41.00
39.00
39.00
42.00
42.00
43.00
43.00
42.00
40.00
38.00
38.00
38.00
38.00
31.00
32.00
22.00
22.00
23.00
13.00
14.00
8.00
11.00
-8.00
-7.00
-7.00
-17.00
-17.00
-26.00
-26.00
-26.00
-30.00
-32.00
-37.00
-36.00
-36.00
-36.00
-36.00
-36.00
-36.00
-36.00
-36.00
-36.00
-36.00
-37.00
-38.00
-37.00
-30.00
-33.00
-32.00
-23.00
-24.00
-19.00
-19.00
-20.00
-7.00
-7.00
2.00
3.00
11.00
14.00
13.00
26.00
27.00
34.00
33.00
34.00
26.00


