-61.00
-57.00
-58.00
-56.00
-48.00
-47.00
-40.00
-41.00
-42.00
-30.00
-30.00
-30.00
-23.00
-13.00
-12.00
-14.00
-6.00
-6.00
7.00
7.00
6.00
14.00
14.00
14.00
14.00
28.00
27.00
27.00
27.00
30.00
28.00
29.00
29.00
35.00
35.00
34.00
34.00
34.00
35.00
34.00
39.00
41.00
35.00
34.00
34.00
34.00
34.00
34.00
52.00
30.00
30.00
31.00
27.00
28.00
22.00
24.00
24.00
22.00
22.00
19.00
20.00
20.00
15.00
17.00
11.00
11.00
11.00
5.00
5.00
-0.00
-1.00
-6.00
-6.00
-7.00
-7.00
-8.00
-13.00
-13.00
-13.00
-13.00
-13.00
-9.00
-9.00
-9.00
-13.00
-9.00
-9.00
-9.00
-5.00
-6.00
-5.00
-4.00
-5.00
-6.00
-6.00
-3.00
-2.00
-0.00
-0.00
-0.00
-1.00
-1.00
-1.00
-0.00
-1.00
3.00
3.00
4.00
4.00
7.00
8.00
6.00
11.00
13.00
15.00
13.00
14.00
20.00
21.00
24.00
30.00
28.00
29.00
30.00
31.00
30.00
30.00
31.00
30.00
30.00
30.00
27.00
27.00
22.00
22.00
23.00
18.00
15.00
8.00
11.00
10.00
10.00
10.00
-9.00
24.00
24.00
24.00
-15.00
-2.00
-2.00
-2.00
-24.00
-24.00
-24.00
-24.00
-24.00
-24.00
-25.00
-18.00
-17.00
-8.00
-7.00
-7.00
-7.00
-3.00
8.00
8.00
8.00
17.00
22.00
21.00
24.00
30.00
30.00
35.00
38.00
37.00
34.00
34.00
34.00
36.00
34.00
34.00
34.00
26.00
26.00
22.00
24.00
23.00
23.00
23.00
5.00
5.00
5.00
5.00
5.00
5.00
-12.00
-17.00
-16.00
-16.00
-16.00
-16.00
-23.00
-23.00
-25.00
-26.00
-28.00
-36.00
-36.00
-37.00
-36.00
-36.00
-39.00
-39.00
-34.00
-34.00
-7.00
-18.00
-17.00
-9.00
-9.00
-9.00
10.00
24.00
23.00
23.00
33.00
33.00
95.00
47.00
47.00
47.00
47.00
50.00
50.00
50.00
48.00
49.00
38.00
38.00
28.00
54.00
28.00
18.00
20.00
8.00
6.00
3.00
3.00
3.00
-7.00
-7.00
-7.00
-14.00
-15.00
-17.00
-18.00
-25.00
-25.00
-25.00
-25.00
-25.00
-21.00
-21.00
-19.00
-19.00
-20.00
-10.00
-12.00
-5.00
-5.00
3.00
2.00
2.00
11.00
11.00
11.00
16.00
17.00
26.00
26.00
34.00
31.00
31.00
31.00
34.00
36.00
37.00
29.00
30.00
31.00
25.00
26.00
19.00
18.00
12.00
12.00
12.00
5.00
5.00
5.00
5.00
-1.00
-1.00
-0.00
-0.00
-1.00
-1.00
-1.00
-1.00
-2.00
-2.00
1.00
2.00
-0.00
-0.00
1.00
3.00
5.00
11.00
9.00
28.00
8.00
11.00
15.00
15.00
17.00
16.00
15.00
15.00
16.00
18.00
19.00
19.00
14.00
14.00
14.00
15.00
15.00
13.00
15.00
10.00
11.00
12.00
14.00
14.00
12.00
13.00
10.00
10.00
10.00
7.00
8.00
3.00
4.00
4.00
2.00
1.00
-5.00
-4.00
-10.00
-10.00
-10.00
-13.00
-13.00
-18.00
-17.00
-18.00
-19.00
-18.00
-22.00
-22.00
-17.00
-17.00
-16.00
-12.00
-12.00
-10.00
-9.00
4.00
7.00
2.00
10.00
11.00
16.00
17.00
18.00
25.00
26.00
28.00
27.00
35.00
35.00
36.00
39.00
39.00
41.00
40.00
39.00
38.00
40.00
38.00
38.00
33.00
33.00
34.00
30.00
31.00
26.00
26.00
26.00
23.00
22.00
20.00
20.00
11.00
10.00
10.00
3.00
4.00
-1.00
-1.00
-2.00
-10.00
-10.00
-17.00
-15.00
-17.00
-17.00
-17.00
-22.00
-22.00
-24.00
-24.00
-23.00
-22.00
-20.00
-21.00
-22.00
-21.00
-20.00
-20.00
-17.00
-17.00
-13.00
-13.00
-14.00
-10.00
-10.00
-10.00
-10.00
-10.00
-10.00
-10.00
-10.00
-10.00
13.00
13.00
11.00
19.00
21.00
29.00
30.00
37.00
35.00
35.00
45.00
45.00
38.00
39.00
38.00
22.00
25.00
6.00
3.00
-42.00
-39.00
-38.00
-97.00
-95.00


