-60.00
-60.00
-60.00
-61.00
-61.00
-61.00
-57.00
-57.00
-58.00
-58.00
-56.00
-56.00
-57.00
-53.00
-54.00
-54.00
-52.00
-51.00
-51.00
-51.00
-43.00
-41.00
-43.00
-37.00
-38.00
14.00
-29.00
-28.00
-28.00
-28.00
-28.00
-10.00
7.00
7.00
7.00
15.00
15.00
23.00
24.00
25.00
33.00
33.00
30.00
30.00
34.00
34.00
32.00
32.00
34.00
28.00
28.00
28.00
23.00
23.00
24.00
24.00
16.00
15.00
17.00
17.00
15.00
15.00
17.00
17.00
14.00
13.00
11.00
12.00
10.00
11.00
11.00
11.00
10.00
9.00
10.00
10.00
3.00
4.00
4.00
4.00
1.00
1.00
1.00
-2.00
34.00
-0.00
-2.00
-2.00
-2.00
-2.00
-2.00
-2.00
-0.00
-0.00
-0.00
4.00
3.00
7.00
10.00
9.00
11.00
10.00
10.00
11.00
13.00
13.00
11.00
15.00
15.00
10.00
11.00
11.00
11.00
10.00
11.00
10.00
3.00
13.00
5.00
6.00
7.00
2.00
4.00
3.00
1.00
1.00
3.00
3.00
1.00
1.00
-0.00
7.00
8.00
15.00
15.00
15.00
14.00
14.00
23.00
24.00
21.00
21.00
19.00
16.00
14.00
15.00
13.00
14.00
10.00
10.00
5.00
5.00
-0.00
1.00
-1.00
-1.00
-0.00
-6.00
-4.00
-4.00
-6.00
-6.00
-8.00
-9.00
-6.00
-6.00
-8.00
4.00
4.00
4.00
6.00
7.00
9.00
10.00
18.00
19.00
22.00
22.00
23.00
24.00
23.00
30.00
30.00
31.00
29.00
30.00
31.00
30.00
28.00
28.00
31.00
25.00
25.00
25.00
24.00
24.00
16.00
16.00
11.00
11.00
3.00
3.00
3.00
3.00
-0.00
-6.00
-6.00
-6.00
-13.00
-12.00
-12.00
-12.00
-17.00
-17.00
-16.00
-21.00
-20.00
-19.00
-20.00
-21.00
-28.00
-28.00
-29.00
-29.00
-26.00
-26.00
-28.00
-21.00
-20.00
-11.00
-10.00
-10.00
-10.00
-4.00
5.00
6.00
19.00
20.00
18.00
26.00
28.00
34.00
35.00
39.00
39.00
39.00
42.00
42.00
40.00
42.00
44.00
43.00
42.00
33.00
32.00
32.00
29.00
30.00
23.00
23.00
10.00
10.00
10.00
3.00
2.00
2.00
2.00
-16.00
-17.00
34.00
-22.00
-22.00
-25.00
-26.00
-25.00
-16.00
-14.00
-5.00
-4.00
5.00
7.00
6.00
14.00
14.00
22.00
23.00
51.00
31.00
29.00
36.00
35.00
37.00
36.00
36.00
38.00
39.00
34.00
34.00
33.00
31.00
29.00
26.00
24.00
17.00
16.00
15.00
15.00
16.00
6.00
7.00
4.00
-1.00
-0.00
-6.00
-6.00
-5.00
-6.00
-6.00
-6.00
-6.00
-6.00
-6.00
-5.00
-1.00
1.00
2.00
3.00
4.00
2.00
2.00
2.00
2.00
2.00
15.00
17.00
18.00
20.00
28.00
27.00
26.00
26.00
27.00
25.00
25.00
26.00
26.00
25.00
18.00
19.00
19.00
18.00
11.00
12.00
11.00
10.00
10.00
6.00
7.00
5.00
-2.00
-1.00
-5.00
-2.00
-9.00
-8.00
-8.00
-16.00
-16.00
-18.00
-17.00
-17.00
-22.00
-21.00
-21.00
-22.00
-22.00
-22.00
-22.00
-24.00
-23.00
-25.00
-24.00
-24.00
-18.00
-18.00
-18.00
-18.00
-18.00
-12.00
-13.00
-7.00
-7.00
-1.00
-1.00
-2.00
6.00
7.00
14.00
14.00
19.00
21.00
21.00
31.00
30.00
34.00
34.00
34.00
39.00
40.00
42.00
42.00
37.00
37.00
39.00
39.00
39.00
34.00
35.00
34.00
31.00
30.00
33.00
31.00
25.00
26.00
26.00
18.00
17.00
12.00
12.00
11.00
-1.00
-1.00
-5.00
-4.00
-9.00
-9.00
-9.00
-16.00
-16.00
-19.00
-19.00
-18.00
-21.00
-20.00
-21.00
-22.00
-22.00
-21.00
-21.00
-21.00
-22.00
-24.00
-25.00
-24.00
-24.00
-25.00
-25.00
-23.00
-23.00
-24.00
-22.00
-18.00
-18.00
-13.00
-13.00
-13.00
-13.00
-13.00
-13.00
-5.00
4.00
3.00
4.00
10.00
10.00
16.00
16.00
17.00
22.00
22.00

