0.01
4.74
6.98
7.37
7.21
7.01
5.78
5.40
5.21
5.13
5.07
4.92
3.78
4.42
6.56
5.27
4.27
4.64
4.81
3.26
5.07
9.49
6.43
6.22
7.58
7.62
5.36
4.98
5.23
5.17
5.23
5.05
3.69
4.40
6.63
5.27
4.71
3.98
4.12
4.00
3.98
4.58
4.85
4.92
3.60
4.23
7.21
5.61
4.73
4.40
4.17
3.72
3.54
7.01
9.56
9.29
7.94
6.50
6.69
6.59
6.73
6.69
6.66
6.50
5.27
5.09
4.61
4.59
4.37
3.72
3.64
6.98
7.67
7.41
7.80
7.33
6.66
5.86
5.97
5.76
5.40
5.11
4.56
4.40
3.98
3.80
4.90
6.76
5.03
4.38
4.42
4.71
4.20
3.10
4.81
9.16
8.56
6.37
6.05
6.63
6.66
6.94
5.68
4.92
4.78
4.69
4.69
4.32
3.54
4.59
7.49
7.05
5.27
5.25
4.99
5.13
5.03
4.68
3.62
4.56
6.50
6.80
6.37
5.91
5.01
4.88
4.68
4.37
3.86
3.94
6.73
7.25
4.27
4.81
5.23
4.83
3.71
3.87
6.59
6.98
6.40
5.64
5.34
5.32
5.11
4.50
4.25
3.75
4.07
6.37
5.59
4.40
3.95
4.73
5.25
5.36
5.17
3.89
3.77
6.40
7.58
5.61
5.05
5.54
5.73
4.53
4.17
3.84
3.95
6.34
6.83
4.49
4.55
5.05
4.52
3.49
4.74
7.76
6.66
5.64
5.36
5.30
4.96
4.15
3.91
3.91
5.11
6.02
4.58
3.76
4.55
6.73
6.13
4.73
4.34
4.28
4.27
4.01
3.08
3.92
4.12
3.03
2.51
1.75
