0.06
4.55
7.76
7.94
7.71
6.19
5.78
5.86
5.86
5.68
5.76
5.05
4.28
4.27
3.94
3.63
4.99
7.53
4.45
4.73
5.27
3.66
4.63
6.69
6.40
5.32
4.96
4.81
4.76
4.40
3.71
3.77
6.19
6.76
6.46
6.69
6.25
5.61
5.07
4.99
4.79
4.13
3.82
3.67
6.16
8.19
5.34
5.43
5.30
5.40
5.64
4.34
3.91
3.81
5.43
7.01
4.07
4.64
4.88
4.16
3.56
4.42
6.87
7.25
5.83
5.30
4.64
4.81
4.64
4.56
3.76
4.15
6.22
6.50
5.81
5.21
4.68
4.66
4.08
3.63
4.35
6.69
4.68
4.04
4.07
4.12
3.82
3.37
6.80
8.79
9.35
7.33
6.31
6.98
7.41
7.45
5.83
5.49
5.38
5.21
5.27
4.73
4.17
3.84
3.64
5.71
8.09
5.15
5.23
5.83
5.86
4.03
3.89
4.71
5.15
5.15
4.98
4.08
3.60
3.83
6.50
6.80
6.87
6.53
6.73
6.31
4.81
4.83
4.64
4.58
4.34
3.36
4.79
8.62
5.76
5.61
5.89
6.43
4.53
4.47
4.15
3.62
4.03
6.02
6.43
5.91
4.69
4.01
4.32
4.59
4.52
3.35
4.55
8.24
8.56
7.05
6.46
6.19
6.25
5.71
5.68
4.90
4.76
4.52
3.98
4.04
3.66
4.59
7.67
4.99
4.94
5.71
4.68
4.01
3.64
5.47
6.80
4.90
4.47
5.09
5.32
3.58
4.07
7.94
4.42
5.71
4.71
3.54
5.94
7.58
4.32
5.78
5.25
3.35
5.86
7.58
7.33
7.13
5.47
5.09
5.43
5.11
5.45
3.95
3.44
3.30
3.28
2.40
1.65
