0.01
5.09
7.71
11.17
12.10
12.68
13.88
15.70
15.70
16.28
16.48
17.35
18.31
18.31
19.11
18.84
19.39
19.39
20.29
19.98
21.27
20.60
20.29
21.27
21.27
21.62
21.62
21.27
21.98
21.62
22.35
23.13
21.62
21.98
22.73
23.13
23.13
23.13
22.73
23.13
23.55
23.97
23.55
23.55
23.97
23.13
24.42
23.97
23.97
24.42
23.97
25.36
23.97
24.42
24.42
24.42
25.36
24.42
24.88
24.88
24.88
25.36
24.42
24.88
24.88
24.88
25.85
25.36
24.88
25.36
25.36
25.36
24.88
25.36
25.36
24.88
26.37
25.36
25.36
25.36
25.36
26.37
25.36
25.36
25.85
25.36
25.85
25.85
25.36
25.85
25.36
26.37
25.85
25.36
25.85
25.36
26.37
25.85
25.85
25.85
25.85
25.85
25.85
25.85
25.85
25.36
26.91
25.85
25.85
25.85
25.85
26.37
25.85
25.85
25.85
25.36
26.91
26.37
25.85
26.37
25.85
25.85
25.85
26.37
25.85
25.36
26.91
26.37
25.85
26.37
25.85
26.37
25.85
26.37
25.85
25.85
26.91
26.91
25.36
26.37
26.37
26.37
25.85
26.37
25.85
25.36
26.91
26.91
25.85
26.91
25.85
26.37
25.85
26.37
25.85
25.85
26.91
26.91
25.85
26.37
25.85
26.91
25.85
26.37
25.85
25.85
26.91
26.91
25.85
26.91
25.85
26.37
25.85
26.37
26.37
25.85
26.91
26.91
25.85
26.37
25.85
26.37
26.37
25.85
26.37
25.85
26.91
26.91
26.37
26.37
25.85
26.37
25.85
26.91
25.85
25.85
26.37
27.47
25.85
26.37
25.36
26.91
26.37
26.37
25.85
25.36
26.91
26.91
26.37
26.37
25.85
26.37
26.37
26.37
26.37
25.36
26.91
26.37
26.37
26.91
25.36
26.37
26.37
26.37
26.37
25.36
26.91
26.37
26.37
26.91
26.37
25.85
25.85
26.37
25.85
25.85
26.91
26.91
26.37
26.37
25.85
26.37
26.37
25.85
26.37
25.36
26.91
26.91
26.37
26.37
25.85
26.91
25.85
26.37
26.37
25.36
26.91
26.37
26.91
26.37
25.85
26.91
25.85
26.37
25.85
25.85
26.91
26.37
26.91
26.91
25.36
26.37
25.85
26.37
26.37
25.85
26.37
26.37
26.91
26.91
25.85
25.85
25.85
26.37
26.37
25.85
26.37
26.37
26.37
27.47
25.85
25.85
25.85
26.37
25.85
25.36
26.91
26.37
26.37
26.91
25.85
25.85
25.85
25.85
25.85
24.88
26.37
26.91
26.91
25.85
25.85
26.37
25.36
25.85
25.36
24.88
26.37
26.91
25.85
26.37
25.85
25.36
25.36
24.88
25.36
24.88
25.36
24.88
24.88
24.42
24.42
24.42
24.88
24.42
24.42
23.97
23.97
24.88
24.42
24.42
23.13
24.42
24.42
24.42
24.42
23.55
24.42
24.42
24.42
23.97
23.13
24.88
24.42
23.97
23.97
22.73
24.88
23.97
23.55
23.97
23.13
23.55
22.35
21.98
22.73
22.35
22.73
23.55
22.35
22.35
21.98
23.13
22.35
23.13
22.73
22.35
23.55
22.73
21.98
22.73
22.35
23.13
23.55
22.35
23.13
21.98
22.35
21.27
20.60
20.60
20.29
21.62
21.27
20.93
21.98
22.35
22.35
21.98
22.35
22.73
21.98
22.73
21.62
20.29
19.98
19.98
20.60
20.60
20.29
20.29
20.60
20.93
21.62
21.62
21.27
21.27
22.35
21.98
21.27
20.29
19.39
19.68
19.68
19.68
19.39
19.11
19.98
20.60
20.60
20.93
19.98
21.27
21.27
20.29
20.29
19.11
18.84
18.84
18.57
18.06
17.82
19.98
19.11
19.68
19.98
19.39
20.60
20.29
19.39
19.39
18.06
18.31
18.31
17.82
17.35
17.82
18.84
17.12
18.06
18.31
19.11
18.57
18.31
19.11
18.84
19.11
18.84
18.06
17.12
17.12
17.12
17.58
17.35
16.08
17.12
16.48
17.35
17.12
16.28
17.35
17.35
17.12
17.12
16.91
17.35
17.58
18.06
16.91
16.69
17.12
16.08
15.51
15.51
14.82
16.28
17.12
17.82
17.82
18.06
17.12
15.51
15.70
14.98
14.65
15.70
15.89
16.48
15.89
15.89
16.69
16.48
16.08
15.70
14.65
14.49
14.33
14.49
14.18
14.49
14.82
15.16
15.33
15.16
15.51
14.98
15.51
14.33
13.06
13.74
13.74
14.82
15.70
15.70
16.08
15.33
15.16
13.88
13.59
12.80
13.46
13.46
14.18
14.49
15.16
15.16
15.33
14.49
12.68
13.06
12.80
13.46
14.49
14.03
14.49
14.33
14.03
12.56
12.21
12.32
12.44
13.32
14.18
14.03
14.18
14.03
13.19
11.99
12.21
11.88
12.56
13.06
13.19
13.74
13.46
13.32
12.80
11.67
11.47
11.37
11.67
11.37
12.10
12.44
12.44
12.68
12.44
12.44
11.67
10.55
10.81
10.55
11.08
12.80
12.93
13.06
11.27
10.07
10.55
11.77
13.19
12.80
11.88
10.14
10.14
10.81
12.32
13.19
12.68
11.17
10.47
9.99
9.84
10.55
11.57
11.99
11.27
11.67
10.99
9.70
9.99
9.49
9.62
9.77
10.22
10.38
10.14
10.47
10.07
8.56
8.68
9.91
12.93
13.06
10.07
9.77
9.49
10.07
10.22
10.63
10.55
9.03
8.45
8.68
9.09
10.63
9.91
10.47
9.29
8.29
8.45
8.45
8.91
8.97
9.49
9.16
8.29
7.62
7.71
8.68
10.55
10.07
10.14
8.85
7.76
7.53
8.51
9.35
9.29
8.85
7.53
7.45
7.37
8.62
8.85
9.42
9.09
8.68
8.29
7.53
7.45
7.37
7.05
7.21
7.25
7.13
7.05
7.09
7.09
7.05
6.98
6.19
6.25
9.16
10.63
10.81
10.22
10.47
9.70
8.51
8.79
8.40
8.19
8.24
8.51
8.19
8.19
7.85
7.58
6.66
6.76
6.59
6.34
6.13
5.81
5.47
4.99
4.98
4.55
4.03
3.90
3.17
2.82
2.21
1.39
