-27.00
-23.00
-23.00
-22.00
-22.00
-18.00
-17.00
-19.00
-19.00
-22.00
-21.00
-22.00
-20.00
-26.00
-25.00
-26.00
-31.00
-30.00
-30.00
-32.00
-32.00
-30.00
-30.00
-32.00
-32.00
-29.00
-29.00
-31.00
-33.00
-30.00
-30.00
-32.00
-33.00
-34.00
-34.00
-33.00
-33.00
-32.00
-33.00
-31.00
-31.00
-30.00
-24.00
-26.00
-18.00
-17.00
-17.00
-13.00
-13.00
-15.00
-15.00
-19.00
-19.00
-21.00
-22.00
-20.00
-25.00
-23.00
-24.00
-26.00
-26.00
-24.00
-24.00
-24.00
-25.00
-23.00
-22.00
-21.00
-21.00
-22.00
-22.00
-21.00
-20.00
-22.00
-21.00
-21.00
-20.00
-21.00
-22.00
-20.00
-25.00
-24.00
-24.00
-24.00
-25.00
-24.00
-24.00
-26.00
-25.00
-23.00
-23.00
-24.00
-25.00
-23.00
-24.00
-25.00
-26.00
-24.00
-24.00
-26.00
-26.00
-28.00
-29.00
-29.00
-33.00
-32.00
-33.00
-38.00
-38.00
-38.00
-38.00
-44.00
-44.00
-43.00
-49.00
-49.00
-53.00
-55.00
-56.00
-53.00
-53.00
-48.00
-48.00
-40.00
-39.00
-42.00
-42.00
-41.00
-39.00
-39.00
-39.00
-39.00
-40.00
-36.00
-36.00
-37.00
-37.00
-37.00
-37.00
-37.00
-38.00
-37.00
-37.00
-38.00
-38.00
-37.00
-37.00
-38.00
-38.00
-37.00
-37.00
-38.00
-38.00
-37.00
-37.00
-34.00
-33.00
-27.00
-27.00
2.00
3.00
4.00
11.00
10.00
15.00
6.00
6.00
6.00
9.00
11.00
11.00
14.00
15.00
15.00
23.00
21.00
21.00
23.00
23.00
28.00
28.00
36.00
37.00
40.00
40.00
38.00
45.00
46.00
54.00
54.00
54.00
61.00
61.00
63.00
63.00
75.00
75.00
77.00
78.00
78.00
82.00
84.00
83.00
89.00
90.00
97.00
98.00
103.00
103.00
105.00


