-30.00
-30.00
-30.00
-30.00
-29.00
-29.00
-29.00
-29.00
-29.00
-29.00
-29.00
-29.00
-33.00
-34.00
-33.00
-33.00
-34.00
-35.00
-32.00
-33.00
-32.00
-34.00
-33.00
-34.00
-33.00
-34.00
-33.00
-33.00
-34.00
-34.00
-33.00
-33.00
-34.00
-34.00
-33.00
-34.00
-33.00
-33.00
-33.00
-33.00
-34.00
-34.00
-33.00
-33.00
-33.00
-34.00
-33.00
-33.00
-33.00
-34.00
-32.00
-32.00
-33.00
-33.00
-32.00
-32.00
-32.00
-32.00
-33.00
-33.00
-31.00
-30.00
-32.00
-32.00
-30.00
-31.00
-33.00
-32.00
-33.00
-32.00
-33.00
-33.00
-33.00
-33.00
-32.00
-31.00
-30.00
-30.00
-30.00
-28.00
-29.00
-30.00
-18.00
-5.00
-15.00
-15.00
-9.00
-10.00
-10.00
-2.00
-2.00
-2.00
-5.00
-5.00
3.00
2.00
3.00
4.00
9.00
8.00
10.00
15.00
14.00
11.00
11.00
11.00
21.00
21.00
24.00
24.00
22.00
21.00
24.00
36.00
35.00
40.00
39.00
39.00
42.00
42.00
52.00
58.00
54.00
54.00
51.00
54.00
55.00
54.00
56.00
56.00
54.00
54.00
50.00
51.00
41.00
41.00
39.00
38.00
36.00
28.00
30.00
30.00
22.00
22.00
13.00
13.00
3.00
3.00
4.00
-3.00
-4.00
-12.00
-10.00
-10.00
-20.00
-20.00
-24.00
-24.00
-31.00
-30.00
-30.00
-36.00
-37.00
-37.00
-36.00
-36.00
-39.00
-40.00
-43.00
-43.00
-40.00
-40.00
-42.00
-49.00
-47.00
-45.00
-43.00
-43.00
-38.00
-38.00
-34.00
-33.00
-24.00
-24.00
-22.00
-17.00
-17.00
-6.00
-7.00
-7.00
4.00
4.00
12.00
13.00
27.00
27.00
25.00
31.00
30.00
42.00
44.00
44.00
47.00
46.00
44.00
43.00
47.00
47.00
46.00
44.00
43.00
40.00
38.00
39.00
35.00
35.00
31.00
31.00
21.00
21.00
21.00
21.00
21.00
8.00
10.00
10.00
2.00
3.00
-2.00
-2.00
-0.00
-0.00
-1.00
-2.00
-4.00
-5.00
-3.00
-3.00
-1.00
-1.00
-2.00
-2.00
-1.00
-1.00
-1.00
-2.00
-0.00
3.00
3.00
3.00
1.00
1.00
4.00
4.00
3.00
3.00
4.00
4.00
3.00
7.00
18.00
5.00
3.00
2.00
4.00
3.00
7.00
7.00
6.00
6.00
7.00
5.00
4.00
4.00
3.00
7.00
4.00
4.00
-4.00
-4.00
-3.00
-8.00
-7.00
-13.00
-15.00
-16.00
-18.00
-18.00
-16.00
-16.00
-18.00
-18.00
-16.00
-16.00
-19.00
-13.00
-13.00
-10.00
-11.00
-11.00
-10.00
-9.00
-6.00
-6.00
-5.00
-5.00
-5.00
2.00
3.00
10.00
8.00
9.00
11.00
12.00
13.00
14.00
12.00
19.00
21.00
21.00
20.00
24.00
23.00
23.00
28.00
28.00
27.00
28.00
28.00
32.00
33.00
34.00
35.00
36.00
35.00
35.00
40.00
41.00
41.00
41.00
42.00
45.00
46.00
46.00
45.00
50.00
50.00
50.00
50.00
51.00
49.00
49.00
50.00
52.00
54.00
47.00
46.00
45.00
46.00
46.00
42.00
42.00
34.00
34.00
33.00
31.00
33.00
27.00
26.00
23.00
22.00
22.00
22.00
23.00
19.00
19.00
18.00
16.00
15.00
14.00
12.00
5.00
7.00
6.00
5.00
5.00
1.00
2.00
2.00
-1.00
-1.00
1.00
1.00
-2.00
-3.00
-4.00
-1.00
-1.00
1.00
2.00
2.00
-5.00
-5.00
-5.00
-3.00
-7.00
-6.00
-6.00
-6.00
-6.00
-12.00
-11.00
-10.00
-10.00
-13.00
-9.00
-9.00
-6.00
-6.00
-6.00
-2.00
-1.00
2.00
1.00
2.00
5.00
7.00
7.00
6.00
11.00
9.00
10.00
6.00
5.00
9.00
9.00
10.00
9.00
7.00
7.00
4.00
7.00
7.00
8.00
6.00
6.00
6.00
7.00
5.00
6.00
7.00
3.00
4.00
7.00
7.00
7.00
5.00
6.00
8.00
8.00
6.00
11.00
12.00
14.00
14.00
18.00
18.00
19.00
24.00
24.00
28.00
28.00
29.00
33.00
34.00
38.00
37.00
43.00
41.00
41.00
45.00
45.00
53.00
55.00
52.00
54.00
54.00
49.00
50.00
52.00
52.00
52.00
46.00
46.00
41.00
42.00
42.00
42.00
41.00
32.00
33.00
23.00
21.00
21.00
16.00
16.00
1.00
1.00
2.00
-6.00
-6.00
-13.00
-11.00
-21.00
-20.00
-20.00
-30.00
-30.00
-37.00
-37.00
-36.00
-43.00
-43.00
-49.00
-50.00
-52.00
-52.00
-52.00
-57.00
-57.00
-57.00
-50.00
-49.00
-49.00
-48.00
-41.00
-42.00
-37.00
-37.00
-38.00
-34.00
-35.00
-37.00
-36.00
-36.00
-46.00
-46.00


