-69.00
-46.00
-45.00
-28.00
-28.00
-28.00
-28.00
-28.00
3.00
3.00
-15.00
10.00
10.00
10.00
10.00
23.00
23.00
23.00
27.00
24.00
31.00
33.00
27.00
25.00
25.00
29.00
30.00
31.00
31.00
31.00
19.00
18.00
18.00
19.00
14.00
13.00
14.00
3.00
3.00
3.00
3.00
-4.00
-0.00
-0.00
-0.00
-5.00
-5.00
-4.00
-4.00
-5.00
-5.00
-3.00
-3.00
-0.00
-0.00
-3.00
-3.00
-5.00
1.00
-0.00
-0.00
1.00
1.00
4.00
5.00
8.00
8.00
10.00
11.00
10.00
14.00
14.00
14.00
15.00
15.00
18.00
18.00
21.00
21.00
21.00
21.00
20.00
15.00
14.00
15.00
11.00
10.00
6.00
5.00
-1.00
-1.00
-2.00
-4.00
-5.00
-13.00
-13.00
-13.00
-16.00
-16.00
-15.00
-15.00
-13.00
-12.00
-14.00
-11.00
-12.00
-5.00
-3.00
-3.00
2.00
3.00
6.00
10.00
15.00
15.00
15.00
15.00
15.00
27.00
27.00
21.00
27.00
27.00
23.00
23.00
20.00
20.00
18.00
17.00
14.00
2.00
2.00
2.00
-5.00
-6.00
-16.00
-16.00
-20.00
-20.00
-22.00
-28.00
-26.00
-25.00
-24.00
-24.00
-24.00
-24.00
-9.00
-9.00
-20.00
1.00
-1.00
-1.00
-1.00
21.00
19.00
30.00
30.00
30.00
35.00
35.00
34.00
35.00
35.00
38.00
36.00
30.00
31.00
19.00
19.00
19.00
15.00
16.00
2.00
2.00
3.00
-9.00
-9.00
-9.00
-17.00
-28.00
-26.00
-26.00
-26.00
-34.00
-33.00
-33.00
-32.00
-32.00
-32.00
-28.00
-29.00
-24.00
-26.00
-26.00
-22.00
-22.00
-19.00
-19.00
-20.00
-15.00
-13.00
-6.00
-6.00
-6.00
7.00
7.00
7.00
7.00
28.00
29.00
29.00
29.00
34.00
42.00
43.00
46.00
47.00
47.00
45.00
46.00
40.00
40.00
39.00
31.00
33.00
20.00
19.00
19.00
19.00
7.00
-2.00
-3.00
-18.00
-18.00
-17.00
-28.00
-28.00
-28.00
-28.00
-28.00
-40.00
-41.00
-41.00
-42.00
-37.00
-38.00
-36.00
-30.00
-33.00
-19.00
-21.00
-6.00
-5.00
-6.00
11.00
12.00
12.00
29.00
30.00
38.00
40.00
40.00
40.00
61.00
61.00
61.00
61.00
55.00
55.00
56.00
57.00
39.00
40.00
54.00
25.00
10.00
9.00
8.00
-9.00
-9.00
-26.00
-25.00
-16.00
-16.00
-16.00
-16.00
-16.00
-48.00
-48.00
-48.00
-43.00
-42.00
-38.00
-38.00
-38.00
-26.00
-26.00
-12.00
-12.00
18.00
2.00
1.00
19.00
24.00
34.00
34.00
33.00
44.00
42.00
53.00
51.00
50.00
48.00
48.00
43.00
42.00
37.00
35.00
37.00
20.00
27.00
3.00
4.00
-10.00
-6.00
-7.00
-29.00
-23.00
-23.00
-23.00
-36.00
-37.00
-38.00
-36.00
-36.00
-31.00
-32.00
-32.00
-25.00
-25.00
-19.00
-18.00
-17.00
-4.00
-6.00
14.00
4.00
10.00
9.00
9.00
18.00
18.00
18.00
21.00
23.00
23.00
22.00
22.00
24.00
22.00
21.00
21.00
17.00
17.00
10.00
10.00
11.00
6.00
6.00
-1.00
-2.00
-10.00
-9.00
-10.00
-16.00
-10.00
-20.00
-19.00
-20.00
-17.00
-18.00
-13.00
-13.00
-3.00
-4.00
-3.00
7.00
7.00
16.00
16.00
17.00
17.00
28.00
34.00
34.00
42.00
42.00
41.00
41.00
50.00
51.00
49.00
50.00
50.00
50.00
39.00
38.00
24.00
27.00
23.00
12.00
11.00
-0.00
1.00
-17.00
-16.00
-17.00
-25.00
-27.00
-38.00
-38.00
-37.00
-37.00
-37.00
-34.00
-34.00
-31.00
-31.00
-33.00
-25.00
-25.00
-25.00
-17.00
-17.00
-9.00
-10.00
5.00
7.00
14.00
11.00
12.00
21.00
23.00
29.00
29.00
29.00
31.00
31.00
34.00
34.00
33.00
33.00
34.00
23.00
23.00
30.00
27.00
27.00
11.00
12.00
-18.00
-18.00
-35.00
-35.00
-38.00
-38.00
-38.00


