-55.00
-53.00
-48.00
-49.00
-50.00
-45.00
-40.00
-40.00
-37.00
-32.00
-31.00
-30.00
-17.00
-18.00
8.00
-8.00
-9.00
2.00
14.00
19.00
19.00
35.00
55.00
34.00
45.00
47.00
54.00
71.00
52.00
56.00
56.00
45.00
44.00
34.00
35.00
35.00
35.00
20.00
-0.00
-2.00
-2.00
-18.00
-19.00
-19.00
-19.00
-46.00
-46.00
-36.00
-36.00
-36.00
-45.00
-43.00
-43.00
-43.00
-33.00
-17.00
-17.00
1.00
1.00
1.00
1.00
1.00
42.00
91.00
91.00
91.00
91.00
71.00
71.00
71.00
71.00
66.00
51.00
51.00
51.00
24.00
26.00
26.00
26.00
-42.00
-36.00
-36.00
-36.00
-62.00
-62.00
-64.00
-64.00
-64.00
-100.00
-79.00
-79.00
-79.00
-83.00
-59.00
-39.00
-57.00
-30.00
-32.00
-32.00
-32.00
-0.00
30.00
30.00
30.00
30.00
68.00
68.00
45.00
45.00
69.00
81.00
77.00
67.00
62.00
61.00
43.00
43.00
22.00
22.00
22.00
22.00
-5.00
-32.00
-33.00
-33.00
-33.00
-40.00
-51.00
-9.00
-46.00
-46.00
-45.00
-36.00
-38.00
-12.00
-9.00
-9.00
-9.00
2.00
23.00
30.00
35.00
35.00
37.00
44.00
44.00
44.00
46.00
46.00
42.00
41.00
31.00
30.00
19.00
19.00
18.00
4.00
14.00
-13.00
-13.00
-10.00
-26.00
-7.00
-35.00
-35.00
-38.00
-38.00
-38.00
-36.00
-37.00
-25.00
-27.00
-27.00
-6.00
-6.00
-6.00
11.00
28.00
28.00
25.00
25.00
25.00
50.00
50.00
42.00
49.00
50.00
46.00
46.00
34.00
34.00
34.00
34.00
21.00
1.00
10.00
3.00
-25.00
-0.00
-0.00
-0.00
-51.00
-27.00
-27.00
-27.00
-27.00
-65.00
-30.00
-30.00
-30.00
-65.00
-65.00
-64.00
-51.00
-51.00
-50.00
-50.00
-50.00
-50.00
-29.00
-2.00
-2.00
-2.00
24.00
52.00
49.00
49.00
50.00
61.00
62.00
69.00
70.00
63.00
62.00
63.00
53.00
53.00
42.00
42.00
44.00
19.00
21.00
14.00
-1.00
-17.00
-18.00
-6.00
-41.00
-41.00
-45.00
-45.00
-44.00
-49.00
-46.00
-46.00
-46.00
-28.00
-26.00
-26.00
-26.00
-14.00
6.00
7.00
31.00
20.00
21.00
37.00
38.00
45.00
47.00
46.00
50.00
50.00
48.00
48.00
48.00
43.00
41.00
30.00
30.00
19.00
20.00
20.00
5.00
6.00
-12.00
-12.00
-11.00
-24.00
-26.00
-33.00
-35.00
-39.00
-40.00
-40.00
-37.00
-37.00
-30.00
-30.00
-29.00
-20.00
-18.00
1.00
3.00
17.00
21.00
15.00
31.00
31.00
41.00
36.00
38.00
39.00
40.00
35.00
37.00
32.00
34.00
35.00
22.00
22.00
13.00
15.00
11.00
3.00
2.00
-12.00
-13.00
-20.00
-20.00
-19.00
-28.00
-28.00
-30.00
-30.00
-29.00
-25.00
-25.00
-24.00
-22.00
-15.00
-14.00
-13.00
-8.00
-8.00
-8.00
-8.00
-8.00
-8.00
-8.00
-8.00
-8.00
30.00
30.00
29.00
42.00
42.00
50.00
51.00
51.00
56.00
55.00
48.00
49.00
38.00
36.00
35.00
19.00
19.00
-6.00
-6.00
-7.00
-25.00
-25.00
-45.00
-44.00
-63.00
-65.00
-66.00
-69.00
-69.00
-69.00
-60.00
-60.00
-42.00
-42.00
-42.00
-42.00
-42.00
-42.00
-42.00
-42.00
-42.00
62.00
62.00
64.00
92.00
89.00
128.00
123.00
150.00
149.00
149.00
151.00
152.00
135.00
135.00
133.00
92.00
95.00
42.00
44.00
-15.00
-17.00
-17.00
-17.00
-17.00
-17.00
-17.00
-17.00
-142.00
-140.00
-157.00


