0.05
5.15
7.37
7.33
7.29
6.16
5.86
5.64
5.43
5.13
4.63
4.59
3.92
3.82
5.03
5.73
6.10
5.59
4.92
4.58
4.07
3.97
3.45
4.92
7.67
8.24
7.62
5.97
6.13
5.78
5.76
5.61
5.49
4.73
4.30
3.92
4.08
4.94
5.54
4.25
3.68
4.50
7.13
5.66
4.58
5.56
5.68
3.94
4.00
6.13
6.25
4.58
3.95
4.13
4.79
4.96
3.07
5.40
8.91
6.76
6.05
6.19
6.05
6.63
5.99
4.64
4.30
4.31
4.25
3.89
3.36
6.66
9.03
9.22
7.05
6.59
6.90
6.76
7.37
6.80
5.45
5.25
5.17
5.13
5.01
3.97
3.91
4.64
5.45
5.15
5.38
5.03
3.78
4.13
5.36
5.83
4.47
3.79
3.82
5.23
7.13
7.17
5.21
4.96
4.73
4.64
4.64
3.89
3.48
6.05
7.90
8.14
7.80
6.46
6.28
5.86
5.83
5.23
4.90
4.61
4.13
3.98
3.45
5.97
8.56
7.05
5.99
6.13
6.34
6.46
5.13
4.78
4.50
4.55
4.44
3.48
4.31
8.79
6.43
5.54
6.19
6.46
5.30
4.59
4.32
4.30
4.16
3.17
4.79
9.91
5.71
7.90
8.19
5.52
5.13
5.91
6.10
5.43
4.40
4.24
4.07
4.07
3.21
4.78
10.14
6.02
7.62
8.29
5.07
5.54
6.34
6.46
4.94
4.42
4.30
4.16
4.06
2.96
5.03
9.77
6.02
7.13
8.09
5.68
4.96
5.97
6.19
5.43
4.35
4.20
4.06
3.96
3.49
4.78
8.97
7.94
5.64
6.22
6.66
6.90
5.68
5.15
4.83
4.81
4.59
4.07
3.60
4.53
7.71
5.05
5.17
5.91
4.61
3.66
3.69
3.49
3.45
2.07
1.44
