0.07
1.69
2.91
3.63
4.10
4.44
4.41
4.16
4.15
4.08
4.00
3.81
4.24
3.89
3.92
4.16
3.77
4.12
3.96
3.97
4.08
3.86
4.03
4.20
4.03
3.95
3.88
4.07
4.06
4.02
3.98
3.88
4.17
3.86
3.74
4.25
3.72
4.06
3.97
3.86
4.03
3.90
3.91
4.06
3.98
3.80
4.16
3.95
3.83
4.47
3.65
4.16
3.94
3.88
4.37
3.71
4.07
3.97
3.84
4.41
3.51
4.30
3.90
4.01
3.63
4.37
3.65
4.03
3.74
4.02
3.94
3.97
4.04
3.68
3.98
3.70
3.86
3.98
3.71
4.19
3.76
3.68
4.27
3.92
3.95
4.02
3.69
4.07
3.66
3.81
3.98
3.83
4.03
3.63
3.92
3.88
3.96
4.02
3.78
4.23
3.54
3.94
3.61
4.01
3.82
4.11
3.74
3.81
3.77
4.16
3.82
3.84
4.08
3.83
3.83
3.95
3.91
4.01
3.68
4.11
3.69
3.87
4.01
4.00
3.87
4.15
3.61
4.07
3.86
3.62
4.03
3.81
4.00
3.58
4.17
3.56
4.19
3.84
3.71
4.55
3.51
4.58
3.57
4.11
4.00
3.59
4.06
3.62
4.10
3.71
3.61
4.27
3.58
4.30
3.63
4.03
3.97
3.69
4.41
3.65
3.88
3.79
3.94
4.03
3.84
4.01
3.80
4.08
3.65
3.86
3.81
3.92
4.10
3.80
4.02
3.80
3.87
4.01
3.87
4.17
3.56
3.83
3.95
3.68
4.40
3.65
4.03
4.10
3.87
4.24
3.58
3.81
3.66
4.28
3.89
3.83
4.21
3.72
4.13
3.75
3.80
4.12
3.48
4.45
3.51
4.13
3.72
3.77
4.20
4.04
3.88
3.97
3.68
4.21
3.80
3.82
4.24
3.45
4.38
4.01
3.90
3.65
3.98
3.47
4.41
3.67
4.19
3.63
3.91
3.74
3.96
3.90
3.86
4.17
3.79
3.94
3.81
4.03
3.76
4.21
3.76
3.72
4.20
3.89
4.19
3.66
4.10
3.78
3.86
4.02
3.95
4.01
3.68
4.15
3.82
3.80
4.21
3.75
4.00
4.16
3.88
3.96
3.77
3.79
3.97
3.96
3.74
4.32
3.41
5.03
4.73
3.54
4.16
3.56
4.45
3.49
3.89
3.78
3.81
4.21
3.67
4.30
3.83
3.92
4.44
3.76
4.00
3.81
4.20
4.11
4.07
3.92
3.98
3.91
4.03
3.90
4.15
3.90
4.10
4.02
3.89
3.90
3.96
4.06
4.12
3.95
3.97
4.15
3.87
4.04
4.30
3.91
4.04
4.10
4.20
4.13
3.86
4.12
4.03
3.86
4.11
3.58
4.10
3.94
3.83
4.17
3.29
4.52

